10 iterstions,  NofFER = 10, llr: (6, 5)

CFG 9: QAM=256, R=3/4, M=27 

Eb/No	  12.500000 12.750000 13.000000 13.250000 13.500000 13.750000 14.000000 14.250000 14.500000 14.750000 15.000000
dec QANT   1.000000  0.882352  0.714285  0.469387  0.373626  0.233830  0.098737  0.050960  0.019024  0.006686  0.001749
dec LMS	   0.714285  0.588235  0.204081  0.204081  0.109890  0.049751  0.011481  0.003692  0.001598  0.000968  0.000236
dec ILMS   0.714285  0.588235  0.204081  0.204081  0.109890  0.049751  0.011481  0.003692  0.001598  0.000968  0.000236
dec LSP    0.714285  0.526315  0.212765  0.136986  0.076335  0.072992  0.011961  0.003116  0.001923  0.001453  0.000368
dec ILSP   0.625000  0.588235  0.208333  0.128205  0.077519  0.049019  0.011173  0.003247  0.001563  0.001029  0.000283


CFG 9: QAM=256, R=3/4, M=81 

Eb/No	  12.500000 12.750000 13.000000 13.250000 13.500000 13.750000 14.000000 
dec QANT   1.000000  0.800000  0.711538  0.427536  0.217884  0.066817  0.013236
dec LMS	   0.769230  0.500000  0.192307  0.072463  0.012594  0.002521  0.000281
dec ILMS   0.769230  0.500000  0.192307  0.072463  0.012594  0.002521  0.000281
dec SP     0.555555  0.370370  0.200000  0.050505  0.008149  0.002887  0.000495
dec ISP    0.625000  0.454545  0.138888  0.043478  0.005896  0.002153  0.000349

=========================================================================================================

10 iterstions,  NofFER = 10, llr: (6, 5)

CFG 1: QAM=2, R=1/2, M=27 

Eb/No	  1.000000 1.250000 1.500000 1.750000 2.000000 2.250000 2.500000 2.750000
dec QANT  0.941176 0.928571 0.600000 0.373626 0.210526 0.076388 0.019843 0.004216
dec LMS	  0.004216 0.714285 0.400000 0.109890 0.065789 0.007716 0.001349 0.000231
dec ILMS  0.004216 0.714285 0.400000 0.109890 0.065789 0.007716 0.001349 0.000231 
dec LSP   0.588235 0.384615 0.153846 0.066225 0.027322 0.008928 0.000782 0.000366
dec ILSP  0.588235 0.384615 0.158730 0.065359 0.023148 0.007547 0.000802 0.000333



CFG 9: QAM=256, R=3/4, M=81 

Eb/No	  1.000000 1.250000 1.500000 1.750000 2.000000 2.250000
dec QANT  1.000000 0.941176 0.783783 0.442148 0.104996 0.011122
dec LMS	  0.833333 0.588235 0.270270 0.041322 0.006325 0.000242
dec ILMS  0.833333 0.588235 0.270270 0.041322 0.006325 0.000242 
dec SP    0.769230 0.370370 0.121951 0.014204 0.001346 0.000287
dec ISP   0.769230 0.370370 0.104166 0.017667 0.001939 0.000316


