

15 iterstions,  NofFER = 10, llr: (7, 6)

=====================================================================================================================

CFG 9: QAM=256, R=3/4, M=27 
Eb/No	12.500000, 12.750000, 13.000000, 13.250000, 13.500000, 13.750000, 14.000000, 14.250000, 14.500000, 14.750000
dec QA   0.850000,  0.764705,  0.744186,  0.430379,  0.283582,  0.159159,  0.084596,  0.031618,  0.010159,  0.003360
dec 4	 0.714285,  0.625000,  0.303030,  0.256410,  0.178571,  0.086206,  0.025641,  0.007513,  0.002189,  0.000677
dec 8    0.625000,  0.454545,  0.238095,  0.196078,  0.097087,  0.027472,  0.012019,  0.003317,  0.000866,  0.000425
dec 9    0.500000,  0.294117,  0.232558,  0.126582,  0.074626,  0.030030,  0.007980,  0.003099,  0.001209,  0.000480  

CFG 9: QAM=256, R=3/4, M=81 
Eb/No	12.500000, 12.750000, 13.000000, 13.250000, 13.500000, 13.750000, 14.000000, 14.250000, 14.500000, 14.750000
dec QA   1.000000,  0.909090,  0.642857,  0.411764,  0.145299   0.039076,  0.004920,  0.000527,  0.000031
dec 4	 0.909090,  0.909090,  0.714285,  0.294117,  0.085470,  0.017761,  0.003075,  0.000351,  0.000035
dec 8    
dec 9    0.588235,  0.250000,  0.079365,  0.019011,  0.004666,  0.000614,  0.000102,  0.000030


=====================================================================================================================

CFG 6: QAM=64, R=2/3, M=27 
Eb/No	 8.000000, 8.250000, 8.500000, 8.750000, 9.000000, 9.250000, 9.500000, 9.750000, 10.000000
dec QA   0.928571, 0.695652, 0.566666, 0.300884, 0.192307, 0.073846, 0.024881, 0.007137,  0.001706
dec 4	 0.714285, 0.434782, 0.333333, 0.088495, 0.042735, 0.015384, 0.005924, 0.001209,  0.000106
dec 8    0.454545, 0.312500, 0.101010, 0.052910, 0.023866, 0.006887, 0.001388, 0.000262,  0.000075
dec 9    0.270270, 0.250000, 0.080000, 0.048780, 0.013351, 0.006002, 0.000976, 0.000490,  0.000081

CFG 6: QAM=64, R=2/3, M=81 
Eb/No	 8.000000, 8.250000, 8.500000, 8.750000, 9.000000, 9.250000, 9.500000, 9.750000, 10.000000
dec QA   1.000000, 0.705882, 0.566666, 0.240740, 0.041336, 0.004066, 0.000223, 0.000010
dec 4	 1.000000, 0.588235, 0.333333, 0.185185, 0.008795, 0.001694, 0.000447, 0.000116
dec 8    
dec 9    0.128205, 0.058479, 0.006489, 0.000644, 0.000046, 0.000004



====================================================================================================================

CFG 4: QAM=16, R=1/2, M=27 
Eb/No	3.250000, 3.500000, 3.750000, 4.000000, 4.250000, 4.500000, 4.750000, 5.000000, 5.250000
dec QA  0.875000, 0.764705, 0.703703, 0.316062, 0.194539, 0.072853, 0.024057, 0.006328, 0.001238
dec 4	0.909090, 0.825000, 0.625000, 0.434782, 0.270270, 0.091743, 0.052631, 0.027472, 0.008741
dec 8   0.416666, 0.294117, 0.185185, 0.051813, 0.017064, 0.002891, 0.001706, 0.000286, 0.000176
dec 9   0.416666, 0.232558, 0.104166, 0.048780, 0.014705, 0.002890, 0.000759, 0.000234, 0.000171

CFG 4: QAM=16, R=1/2, M=81 
Eb/No	3.250000, 3.500000, 3.750000, 4.000000, 4.250000, 4.500000, 4.750000, 5.000000, 5.250000
dec QA  1.000000, 0.980392, 0.727272, 0.508748, 0.272727, 0.038081, 0.003792, 0.000324, 0.000042
dec 4	1.000000, 1.000000, 0.909090, 0.769230, 0.454545, 0.333333, 0.144927, 0.023041, 0.012674
dec 8   
dec 9   0.526315, 0.196078, 0.062893, 0.006729, 0.000564, 0.000160, 0.000006




====================================================================================================================

CFG 1: QAM=2, R=1/2, M=27 
Eb/No	1.000000, 1.250000, 1.500000, 1.750000, 2.000000, 2.250000, 2.500000, 2.750000
dec QA  0.882352, 0.782608, 0.439393, 0.341317, 0.139673, 0.059143, 0.009972, 0.002137
dec 4	0.833333, 0.833333, 0.625000, 0.526315, 0.140845, 0.069930, 0.028735, 0.008896
dec 8   0.588235, 0.434782, 0.151515, 0.059880, 0.014858, 0.007782, 0.000651, 0.000118 
dec 9   0.555555, 0.322580, 0.104166, 0.048780, 0.011441, 0.003660, 0.000540, 0.000130

CFG 1: QAM=2, R=1/2, M=81
Eb/No	1.000000, 1.250000, 1.500000, 1.750000, 2.000000, 2.250000, 2.500000, 2.750000
dec QA  0.935483, 0.901960, 0.602446, 0.231074, 0.040527, 0.002617, 0.000196, 0.000000
dec 4	1.000000, 0.909090, 0.666666, 0.588235, 0.357142, 0.054347, 0.017825, 0.007199
dec 8   
dec 9   0.322580, 0.196078, 0.030581, 0.003604, 0.000195, 0.000045


!!!!!!!!!!!!!!!!!!!!!!!!!!!!!!!!!!!!!!!!!!!!!!!!!!!!!!!!!!!!!!!!!!!!!!!!!!!!!!!!!!!!!!!!!!!!!!!!!!!!!!!!!!!!!!

15 iterstions,  NofFER = 10, llr: (6, 5)

CFG 1: QAM=2, R=1/2, M=81   (7,6) - wrong format for QA 
Eb/No	1.000000 1.250000 1.500000 1.750000 2.000000 2.250000 2.500000 2.750000
dec QA  0.935483 0.901960 0.602446 0.231074 0.040527 0.002617 0.000196 0.000000
dec 4	1.000000 0.909090 0.666666 0.588235 0.357142 0.054347 0.017825 0.007199
dec 8   0.666666 0.204081 0.060606 0.006230 0.000161
dec 9   0.322580 0.196078 0.030581 0.003604 0.000195 

CFG 1: QAM=2, R=1/2, M=81   (6,5) - correct format for QA 
Eb/No	1.000000 1.250000 1.500000 1.750000 2.000000 2.250000 2.500000 2.750000
dec QA  
dec 4	1.000000 0.909090 0.714285 0.714285 0.333333 0.104166 0.027322 0.007429
dec 8   0.666666 0.204081 0.060606 0.006230 0.000161
dec 9   0.322580 0.196078 0.030581 0.003604 0.000195 


CFG 9: QAM=256, R=3/4, M=81 (7,6) - wrong format for QA
Eb/No	12.500000 12.750000 13.000000 13.250000 13.500000 13.750000 14.000000 14.250000 14.500000
dec QA   1.000000  0.909090  0.642857  0.411764  0.145299  0.039076  0.004920  0.000527  0.000031
dec 4	 0.909090  0.909090  0.714285  0.294117  0.085470  0.017761  0.003075  0.000351  0.000035
dec 8    0.588235  0.3333333 0.185185  0.029585  0.006265  0.000870 
dec 9    0.588235  0.250000  0.079365  0.019011  0.004666  0.000614  0.000102  0.000030

CFG 9: QAM=256, R=3/4, M=81 (6,5) - correct format for QA
Eb/No	12.500000 12.750000 13.000000 13.250000 13.500000 13.750000 14.000000 14.250000 14.500000
dec QA   0.941176  0.966666  0.648148  0.337278  0.151629  0.036056  0.002631  0.000621  0.000045
dec 4	 1.000000  1.000000  0.909090  0.714285  0.370370  0.087719  0.026315  0.002072  0.000225
dec 8    0.625000  0.384615  0.131578  0.040816  0.003995  0.000885   float point
         1.000000  1.000000  0.769230  0.303030  0.071428  0.009569   fp0 
         0.625000  0.384615  0.131578  0.040816  0.003995  0.000885   fp1
         0.625000  0.384615  0.131578  0.040816  0.003995  0.000885   fp1, +1 inner
         0.625000  0.384615  0.131578  0.040816  0.003995  0.000885   fp1, +2 inner



dec 9    0.588235  0.250000  0.079365  0.019011  0.004666  0.000614

